0
0
0
0
0
0
0
0
12
23
45
67
98
112
137
150
180
176
177
174
181
190
169
178
176
179
183
212
210
207
204
194
192
195
199
200
217
218
209
213
213
212
241
254
240
233
226
226
222
232
175
203
212
209
204
208
205
205
208
213
209
207
208
211
211
216
215
209
215
210
209
207
206

175
176
217
219
215
216
216
216
214
220
218
219
217
213

194
192
195
199
200
217
218
209
213
213
212
241
254
240
233
226
226
222
232
175
203
212
209
204
208
218
209
213
213
212
241
254
240
233
226
226
222
232
175
203
212
209
204
208
205
205
178
176
179
183
212
210
207
204
194
192
195
199
200
217
218
209
213
213
212
241
254
240
233
226
226
222
232
175
203
212
209
204
208
205
0
0
0
0
0




